1 1 0 1 
1 1 0 1 
0 0 1 0 
1 1 0 1 
1 1 0 1 
Case #1: 13
1 1 0 1 1 
Case #2: 4
1 1 1 
1 1 0 
Case #3: 4
1 1 0 1 
1 1 0 0 
0 0 1 1 
Case #4: 8
1 
1 
0 
Case #5: 2
1 
1 
Case #6: 2
1 1 0 1 1 
1 1 0 0 0 
0 0 1 1 0 
Case #7: 10
1 
1 
0 
Case #8: 2
1 1 0 1 1 
Case #9: 4
1 1 1 1 
1 1 0 1 
Case #10: 6
1 1 1 1 0 
1 1 0 1 1 
Case #11: 8
1 1 1 1 
1 1 0 1 
Case #12: 6
1 
1 
0 
1 
1 
Case #13: 4
1 1 
1 1 
Case #14: 4
1 
1 
0 
1 
Case #15: 3
1 1 0 1 1 
Case #16: 4
1 1 0 1 
1 1 0 1 
0 0 1 0 
1 1 0 1 
1 1 0 1 
Case #17: 13
1 1 0 1 
1 1 0 0 
0 0 1 1 
Case #18: 8
1 1 1 
1 1 0 
Case #19: 4
1 1 0 1 1 
1 1 0 1 0 
0 0 1 0 1 
1 1 0 1 1 
Case #20: 14
1 1 
1 1 
0 0 
Case #21: 4
1 1 
1 1 
Case #22: 4
1 1 1 
1 1 0 
Case #23: 4
1 1 1 1 
1 1 0 1 
Case #24: 6
1 1 1 1 0 
1 1 0 1 1 
Case #25: 8
1 1 
1 1 
0 0 
1 1 
1 1 
Case #26: 8
1 1 0 1 1 
Case #27: 4
1 1 0 1 
Case #28: 3
1 1 0 1 1 
1 1 0 1 1 
0 0 1 0 0 
1 1 0 1 1 
1 1 0 1 1 
Case #29: 17
1 1 
1 1 
0 0 
1 1 
Case #30: 6
1 1 
Case #31: 2
1 1 0 
1 1 0 
0 0 1 
Case #32: 5
1 1 0 
1 1 0 
0 0 1 
1 1 0 
1 1 0 
Case #33: 9
1 1 0 1 
1 1 0 1 
0 0 1 0 
1 1 0 1 
Case #34: 10
1 1 
1 1 
0 0 
1 1 
Case #35: 6
1 1 1 1 0 
1 1 0 1 1 
Case #36: 8
1 
1 
0 
1 
1 
Case #37: 4
1 1 0 1 1 
Case #38: 4
1 1 
1 1 
0 0 
Case #39: 4
1 1 0 1 
1 1 0 1 
0 0 1 0 
1 1 0 1 
1 1 0 1 
Case #40: 13
1 
1 
0 
1 
Case #41: 3
1 1 
1 1 
Case #42: 4
1 1 
1 1 
0 0 
1 1 
Case #43: 6
1 1 
Case #44: 2
1 1 
1 1 
0 0 
1 1 
1 1 
Case #45: 8
1 1 1 1 0 
1 1 0 1 1 
Case #46: 8
1 
1 
0 
1 
1 
Case #47: 4
1 1 0 1 1 
Case #48: 4
1 1 0 1 
1 1 0 1 
0 0 1 0 
1 1 0 1 
Case #49: 10
1 1 1 
1 1 0 
Case #50: 4
1 1 0 1 1 
1 1 0 1 1 
0 0 1 0 0 
1 1 0 1 1 
1 1 0 1 1 
Case #51: 17
1 1 1 
1 1 0 
Case #52: 4
1 
Case #53: 1
1 1 1 1 0 
1 1 0 1 1 
Case #54: 8
1 1 
Case #55: 2
1 1 0 1 1 
1 1 0 1 1 
0 0 1 0 0 
1 1 0 1 1 
1 1 0 1 1 
Case #56: 17
1 1 0 1 1 
Case #57: 4
1 1 0 1 
1 1 0 0 
0 0 1 1 
Case #58: 8
1 1 0 
1 1 0 
0 0 1 
1 1 0 
Case #59: 7
1 1 0 1 
1 1 0 1 
0 0 1 0 
1 1 0 1 
Case #60: 10
1 1 
1 1 
0 0 
1 1 
Case #61: 6
1 
1 
Case #62: 2
1 
1 
0 
1 
1 
Case #63: 4
1 1 0 
Case #64: 2
1 1 
Case #65: 2
1 1 0 
1 1 0 
0 0 1 
1 1 0 
Case #66: 7
1 1 1 1 
1 1 0 1 
Case #67: 6
1 1 0 1 1 
1 1 0 0 0 
0 0 1 1 0 
Case #68: 10
1 1 0 1 
1 1 0 1 
0 0 1 0 
1 1 0 1 
1 1 0 1 
Case #69: 13
1 
1 
Case #70: 2
1 1 0 1 
1 1 0 0 
0 0 1 1 
Case #71: 8
1 
Case #72: 1
1 1 
1 1 
Case #73: 4
1 1 1 1 
1 1 0 1 
Case #74: 6
1 1 0 
Case #75: 2
1 1 
1 1 
0 0 
Case #76: 4
1 1 
1 1 
0 0 
Case #77: 4
1 1 1 1 0 
1 1 0 1 1 
Case #78: 8
1 1 0 1 
Case #79: 3
1 1 0 1 1 
1 1 0 1 0 
0 0 1 0 1 
1 1 0 1 1 
Case #80: 14
1 1 
Case #81: 2
1 
1 
0 
1 
1 
Case #82: 4
1 1 0 1 1 
Case #83: 4
1 1 0 
1 1 0 
0 0 1 
Case #84: 5
1 1 
Case #85: 2
1 1 0 1 1 
1 1 0 0 0 
0 0 1 1 0 
Case #86: 10
1 1 0 1 1 
Case #87: 4
1 1 0 
1 1 0 
0 0 1 
Case #88: 5
1 1 0 
1 1 0 
0 0 1 
Case #89: 5
1 1 0 1 
1 1 0 1 
0 0 1 0 
1 1 0 1 
1 1 0 1 
Case #90: 13
1 1 0 
1 1 0 
0 0 1 
1 1 0 
1 1 0 
Case #91: 9
1 1 0 1 1 
Case #92: 4
1 1 
1 1 
0 0 
1 1 
1 1 
Case #93: 8
1 1 0 
Case #94: 2
1 1 0 
1 1 0 
0 0 1 
1 1 0 
Case #95: 7
1 1 0 1 
1 1 0 1 
0 0 1 0 
1 1 0 1 
1 1 0 1 
Case #96: 13
1 1 
1 1 
0 0 
1 1 
Case #97: 6
1 1 1 1 0 
1 1 0 1 1 
Case #98: 8
1 1 0 
Case #99: 2
1 1 0 1 1 
Case #100: 4
